{"window": "30-day", "subnet_ids": ["1", "2", "3", "4", "5", "6", "7", "8", "9", "10", "11", "13", "14", "15", "16", "17", "18", "19", "20", "21", "22", "23", "24", "27", "29", "30", "32", "33", "34", "36", "37", "38", "39", "40", "41", "42", "43", "44", "45", "46", "47", "48", "49", "50", "51", "52", "53", "54", "55", "56", "57", "58", "59", "60", "61", "62", "64", "65", "66", "68", "71", "TAO"], "subnet_labels": {"1": "SN1 Apex", "2": "SN2 Omron", "3": "SN3 Templar", "4": "SN4 Targon", "5": "SN5 Open Kaito", "6": "SN6 Infinite Games", "7": "SN7 Subvortex", "8": "SN8 Proprietary Tr", "9": "SN9 Pretraining", "10": "SN10 Sturdy", "11": "SN11 Dippy Roleplay", "13": "SN13 Data Universe", "14": "SN14 VectorStore", "15": "SN15 De-Val", "16": "SN16 BitAds", "17": "SN17 Three Gen", "18": "SN18 Cortex.t", "19": "SN19 Nineteen", "20": "SN20 BitAgent", "21": "SN21 Omega Any-to-a", "22": "SN22 Desearch", "23": "SN23 SocialTensor", "24": "SN24 Omega", "27": "SN27 NI Compute", "29": "SN29 Coldint", "30": "SN30 Bettensor", "32": "SN32 It's AI", "33": "SN33 ReadyAI", "34": "SN34 BitMind", "36": "SN36 Web Agents", "37": "SN37 Finetuning", "38": "SN38 Distributed Tr", "39": "SN39 EdgeMaxxing", "40": "SN40 Chunking", "41": "SN41 Sportstensor", "42": "SN42 Real-Time Data", "43": "SN43 Graphite", "44": "SN44 Score", "45": "SN45 SWE-Rizzo", "46": "SN46 Neural3D", "47": "SN47 Condense AI", "48": "SN48 Nextplace AI", "49": "SN49 Hivetrain Auto", "50": "SN50 Synth", "51": "SN51 Compute Subnet", "52": "SN52 Dojo", "53": "SN53 Efficient Fron", "54": "SN54 WebGenieAI", "55": "SN55 Precog", "56": "SN56 Gradients", "57": "SN57 Gaia", "58": "SN58 Dippy Speech", "59": "SN59 Agent Arena", "60": "SN60 Bitsec", "61": "SN61 Red Team", "62": "SN62 AgenTao", "64": "SN64 Chutes", "65": "SN65 TAO Private Ne", "66": "SN66 FakeNews", "68": "SN68 Nova", "71": "SN71 LeadPoet", "TAO": "TAO/USD"}, "subnet_sectors": {"1": "Intelligence & Inference", "2": "Intelligence & Inference", "3": "Compute & Infrastructure", "4": "Compute & Infrastructure", "5": "Data & Knowledge", "6": "Finance & DeFi", "7": "Compute & Infrastructure", "8": "Finance & DeFi", "9": "Intelligence & Inference", "10": "Finance & DeFi", "11": "Culture & Gaming", "13": "Data & Knowledge", "14": "Data & Knowledge", "15": "Intelligence & Inference", "16": "Agents & Applications", "17": "Culture & Gaming", "18": "Intelligence & Inference", "19": "Intelligence & Inference", "20": "Agents & Applications", "21": "Intelligence & Inference", "22": "Data & Knowledge", "23": "Intelligence & Inference", "24": "Data & Knowledge", "27": "Compute & Infrastructure", "29": "Compute & Infrastructure", "30": "Finance & DeFi", "32": "Security & Verification", "33": "Data & Knowledge", "34": "Security & Verification", "36": "Agents & Applications", "37": "Intelligence & Inference", "38": "Compute & Infrastructure", "39": "Compute & Infrastructure", "40": "Data & Knowledge", "41": "Finance & DeFi", "42": "Data & Knowledge", "43": "Intelligence & Inference", "44": "Finance & DeFi", "45": "Agents & Applications", "46": "Culture & Gaming", "47": "Intelligence & Inference", "48": "Finance & DeFi", "49": "Intelligence & Inference", "50": "Finance & DeFi", "51": "Compute & Infrastructure", "52": "Data & Knowledge", "53": "Finance & DeFi", "54": "Agents & Applications", "55": "Finance & DeFi", "56": "Compute & Infrastructure", "57": "Data & Knowledge", "58": "Culture & Gaming", "59": "Agents & Applications", "60": "Security & Verification", "61": "Security & Verification", "62": "Agents & Applications", "64": "Compute & Infrastructure", "65": "Security & Verification", "66": "Data & Knowledge", "68": "Intelligence & Inference", "71": "Agents & Applications"}, "subnet_corr": [[1.0, -0.0434, -0.0476, -0.0132, -0.1172, -0.1209, 0.037, -0.2875, 0.112, 0.0711, -0.183, 0.4853, 0.1256, 0.1809, 0.0605, -0.0022, 0.1774, 0.0199, -0.1291, -0.103, 0.0892, -0.04, 0.3111, 0.0439, 0.22, -0.2566, -0.1436, 0.094, 0.075, -0.0911, -0.042, -0.0513, -0.1618, 0.3278, 0.0753, 0.2231, -0.0044, -0.2355, 0.1544, -0.3648, 0.0099, 0.3284, -0.1455, 0.1021, -0.0751, -0.0826, -0.0602, 0.0009, -0.111, 0.1158, -0.1855, 0.0522, -0.0599, 0.1165, -0.2724, -0.0863, -0.3215, 0.3431, -0.1679, -0.1402, 0.0001, -0.1014], [-0.0434, 1.0, 0.2448, -0.347, -0.424, -0.0625, 0.0412, -0.2493, 0.1101, 0.1616, -0.123, 0.2834, 0.0188, 0.0242, 0.0727, -0.0119, 0.0779, -0.4236, -0.0488, -0.1278, -0.0524, -0.067, -0.1254, 0.2459, -0.0601, -0.0704, 0.21, -0.0128, -0.1504, 0.4531, 0.1671, -0.0695, 0.4043, -0.1687, -0.1028, 0.1053, 0.0696, -0.2297, 0.2321, -0.1746, 0.3021, -0.2751, 0.102, 0.4253, -0.2056, 0.1775, -0.1194, -0.1666, 0.1497, 0.1589, 0.2785, 0.1508, 0.0344, 0.1226, 0.1092, 0.2234, 0.148, 0.0069, 0.4395, 0.067, 0.3822, 0.0488], [-0.0476, 0.2448, 1.0, -0.4019, -0.2213, 0.0124, 0.0488, -0.4808, 0.1424, -0.3667, -0.3675, 0.0008, 0.0746, -0.0464, -0.0689, -0.2602, -0.0863, -0.0836, 0.2376, -0.2228, -0.309, -0.114, -0.1477, -0.2615, -0.1191, -0.1247, -0.0798, 0.0184, -0.3511, 0.3299, -0.0248, -0.1543, 0.0276, -0.2524, -0.1102, -0.1501, 0.277, -0.2879, -0.2347, 0.2076, 0.0263, 0.0542, 0.3587, 0.222, -0.3073, 0.0167, 0.1292, -0.2021, -0.1477, 0.3525, 0.0204, 0.0391, -0.1236, 0.0161, -0.0752, 0.0521, 0.1163, -0.1224, -0.061, 0.1406, 0.0292, 0.1598], [-0.0132, -0.347, -0.4019, 1.0, 0.0446, 0.1925, 0.2657, 0.1774, 0.2221, 0.0795, 0.1318, -0.0124, -0.4045, 0.2655, 0.2451, 0.2056, 0.0341, 0.3235, -0.0052, 0.1054, 0.3241, -0.0771, 0.044, -0.126, 0.3115, 0.2484, -0.116, -0.0968, 0.1395, -0.2312, -0.2867, 0.0175, -0.0104, 0.1672, -0.0016, 0.2447, 0.2009, 0.2338, 0.0706, -0.1982, 0.0806, 0.0028, -0.1436, -0.1138, 0.248, 0.0753, -0.0669, 0.0763, 0.1276, -0.3866, 0.0111, -0.0648, -0.1277, -0.0931, 0.0264, 0.0923, 0.1503, 0.1437, -0.2244, -0.2433, 0.0317, 0.1299], [-0.1172, -0.424, -0.2213, 0.0446, 1.0, 0.0677, -0.203, 0.511, -0.3163, -0.4479, -0.3045, -0.1372, 0.0947, -0.2717, -0.1734, -0.4208, -0.2233, -0.2565, -0.1275, -0.2142, 0.0558, 0.034, -0.0439, -0.2875, 0.0136, -0.2095, 0.0812, 0.2115, 0.3839, -0.2586, 0.0642, 0.1637, -0.3026, -0.0109, 0.0482, -0.2098, 0.0567, 0.1079, -0.1952, 0.3569, 0.1354, -0.0051, 0.2088, -0.4252, -0.0545, -0.1034, -0.1837, 0.2469, -0.4428, -0.2311, -0.0541, -0.1735, -0.0217, -0.2934, -0.2687, -0.0807, -0.0544, -0.4946, -0.2013, -0.0163, -0.4408, -0.0697], [-0.1209, -0.0625, 0.0124, 0.1925, 0.0677, 1.0, 0.1568, 0.3771, 0.2667, 0.0101, 0.0339, -0.0452, -0.0072, -0.1437, 0.2397, 0.1057, 0.0261, -0.0276, 0.3195, 0.3278, 0.2721, 0.1115, 0.4801, -0.3282, -0.0797, 0.1116, -0.1267, 0.2055, 0.3878, -0.0302, 0.3747, -0.0275, -0.2344, 0.2158, -0.2005, 0.1746, 0.1132, 0.0618, 0.0446, 0.046, 0.3124, -0.1768, 0.0729, 0.0684, -0.2614, 0.178, 0.057, 0.217, 0.0931, -0.0299, 0.0641, 0.0467, 0.1242, -0.1056, 0.4304, 0.1882, 0.4352, 0.1006, -0.0812, 0.0806, 0.069, 0.158], [0.037, 0.0412, 0.0488, 0.2657, -0.203, 0.1568, 1.0, 0.0972, 0.375, 0.1664, 0.1105, 0.1802, -0.0962, 0.5725, -0.0012, 0.1918, 0.0252, 0.2163, 0.0926, 0.1967, -0.162, 0.1007, -0.2367, 0.017, 0.2606, 0.0596, 0.119, 0.3466, 0.129, -0.1581, 0.1671, -0.1173, -0.2843, -0.3268, 0.0219, 0.0643, 0.1169, 0.0391, 0.2003, -0.0185, -0.1026, -0.1894, -0.0474, -0.1564, 0.2046, 0.1009, 0.0334, 0.1308, -0.0194, -0.0747, 0.2118, -0.0637, 0.0438, -0.1005, -0.0703, -0.1554, 0.2017, 0.0152, -0.1438, -0.0633, 0.1605, 0.2565], [-0.2875, -0.2493, -0.4808, 0.1774, 0.511, 0.3771, 0.0972, 1.0, -0.0559, -0.0535, 0.0074, 0.0038, 0.0167, -0.2139, -0.086, 0.0881, -0.3166, -0.1024, -0.1503, 0.1016, 0.0768, 0.0449, 0.2202, -0.1681, 0.0392, -0.0691, 0.1524, 0.2281, 0.322, -0.2712, 0.1291, 0.0244, -0.1832, 0.0937, -0.0308, -0.2264, -0.0037, -0.0028, -0.0497, 0.1002, 0.1211, -0.1364, -0.0264, -0.4971, 0.191, -0.0361, -0.0614, 0.2156, -0.1579, -0.5129, 0.0776, -0.0667, 0.0545, -0.1918, 0.1079, -0.0508, 0.2232, -0.2638, -0.0017, -0.0514, -0.245, -0.09], [0.112, 0.1101, 0.1424, 0.2221, -0.3163, 0.2667, 0.375, -0.0559, 1.0, 0.1572, 0.0514, -0.0871, -0.0585, 0.2065, 0.2973, 0.0838, 0.4235, -0.0103, 0.1596, 0.0953, 0.0404, 0.2324, 0.3202, 0.1335, 0.3061, -0.0661, -0.1582, 0.2737, 0.0059, 0.0274, 0.0216, -0.2187, -0.0628, 0.0801, 0.17, 0.2088, 0.0894, -0.2992, 0.0233, -0.0463, -0.1895, -0.0186, 0.015, 0.077, 0.3421, 0.2385, 0.1266, -0.009, -0.065, 0.0996, 0.0935, 0.0651, -0.2082, -0.0162, -0.1046, 0.313, 0.4811, 0.3287, -0.2768, -0.418, 0.2518, 0.3058], [0.0711, 0.1616, -0.3667, 0.0795, -0.4479, 0.0101, 0.1664, -0.0535, 0.1572, 1.0, 0.6211, 0.1189, -0.0136, 0.0986, 0.033, 0.3798, 0.2085, 0.0409, 0.0805, 0.3235, -0.0232, 0.3492, 0.1133, 0.4972, -0.0013, 0.4592, 0.0215, 0.078, -0.0481, 0.0005, -0.0051, -0.2104, 0.0507, 0.019, 0.216, 0.3452, -0.298, 0.3296, 0.3977, -0.0594, -0.3077, -0.0119, -0.2771, 0.1891, 0.1571, 0.1547, 0.0461, 0.1494, 0.3098, 0.1052, -0.0609, 0.0441, 0.2896, 0.4507, 0.404, 0.082, 0.0783, 0.3657, 0.3097, 0.0322, 0.3915, -0.0236], [-0.183, -0.123, -0.3675, 0.1318, -0.3045, 0.0339, 0.1105, 0.0074, 0.0514, 0.6211, 1.0, -0.3108, 0.0229, 0.1257, 0.0505, 0.3426, 0.4011, 0.2278, 0.004, 0.388, -0.0106, 0.0527, -0.007, 0.257, -0.085, 0.4417, 0.0312, -0.2031, -0.0885, -0.021, 0.1317, 0.0401, 0.1197, 0.0001, 0.1696, 0.1282, -0.5509, 0.459, 0.2181, -0.0432, -0.2849, 0.1173, -0.5085, 0.1433, 0.2933, 0.1272, 0.2581, 0.1701, 0.3095, 0.0729, -0.0917, -0.0712, 0.333, 0.272, 0.3807, 0.1818, 0.0526, 0.4238, 0.1721, 0.0123, 0.3751, -0.0823], [0.4853, 0.2834, 0.0008, -0.0124, -0.1372, -0.0452, 0.1802, 0.0038, -0.0871, 0.1189, -0.3108, 1.0, 0.0541, 0.0944, -0.0657, 0.0644, -0.2121, -0.0678, 0.0643, -0.2786, -0.0296, -0.0824, -0.0781, -0.0333, 0.1467, -0.1573, -0.1623, 0.293, -0.1629, -0.086, 0.0511, -0.0959, 0.1317, 0.1436, 0.0869, 0.0952, -0.0987, -0.0113, 0.1, -0.3651, 0.2198, 0.1304, -0.1652, 0.1551, -0.3173, -0.1398, -0.1548, 0.0015, -0.1011, -0.2825, -0.1838, -0.0888, -0.0571, -0.1732, 0.0908, -0.0516, -0.1291, -0.0317, -0.097, -0.0412, -0.2745, 0.1894], [0.1256, 0.0188, 0.0746, -0.4045, 0.0947, -0.0072, -0.0962, 0.0167, -0.0585, -0.0136, 0.0229, 0.0541, 1.0, -0.1665, -0.6361, -0.0883, -0.1256, 0.0393, 0.0422, 0.096, -0.0911, 0.0792, -0.2276, 0.1415, -0.0392, 0.1394, 0.0916, 0.0082, -0.1959, 0.2168, 0.3316, 0.3868, 0.1202, 0.0202, -0.2208, 0.0735, -0.2195, -0.1541, 0.0284, 0.0173, -0.1156, 0.0118, 0.0111, -0.1914, -0.1882, -0.2853, -0.1262, 0.2604, -0.075, 0.0079, -0.1004, -0.124, 0.5787, -0.0406, -0.0185, -0.1561, -0.1742, -0.1792, -0.0117, 0.5617, -0.1019, 0.0382], [0.1809, 0.0242, -0.0464, 0.2655, -0.2717, -0.1437, 0.5725, -0.2139, 0.2065, 0.0986, 0.1257, 0.0944, -0.1665, 1.0, 0.0969, 0.0893, 0.1915, 0.1617, 0.0986, -0.0293, -0.191, -0.0319, -0.3165, 0.2846, -0.0008, 0.2046, -0.156, -0.2295, 0.0647, -0.1256, -0.1073, -0.0202, -0.261, -0.3901, -0.0695, -0.0932, 0.0107, -0.0314, 0.0508, -0.1047, 0.0993, -0.0208, 0.0583, 0.0017, 0.2492, -0.1188, -0.0058, -0.0209, 0.3358, -0.0296, -0.0266, 0.2181, -0.1045, -0.2134, -0.0513, -0.0206, 0.0618, 0.1607, 0.0707, -0.1164, 0.0274, 0.0574], [0.0605, 0.0727, -0.0689, 0.2451, -0.1734, 0.2397, -0.0012, -0.086, 0.2973, 0.033, 0.0505, -0.0657, -0.6361, 0.0969, 1.0, -0.1313, 0.5146, -0.0499, -0.006, 0.1779, -0.0467, -0.0343, 0.5305, -0.0926, 0.0128, -0.2722, -0.3448, -0.0178, 0.4649, 0.085, -0.032, 0.0094, -0.0813, 0.1247, 0.1823, -0.0636, 0.1981, 0.0828, -0.1021, -0.1691, 0.2076, 0.0147, -0.0612, 0.2336, 0.0404, 0.3468, 0.1728, -0.2067, 0.0747, 0.1616, -0.0543, 0.1405, -0.6043, 0.1846, 0.171, 0.038, 0.1687, 0.3803, 0.1247, -0.5832, 0.1389, 0.1443], [-0.0022, -0.0119, -0.2602, 0.2056, -0.4208, 0.1057, 0.1918, 0.0881, 0.0838, 0.3798, 0.3426, 0.0644, -0.0883, 0.0893, -0.1313, 1.0, 0.0357, 0.3752, 0.1334, 0.4283, 0.3784, 0.094, 0.0341, 0.0559, 0.0028, 0.2719, 0.3049, -0.0864, -0.1002, 0.0504, 0.0031, -0.1414, -0.0605, 0.2377, 0.0296, 0.4534, -0.1904, 0.055, 0.48, -0.2993, -0.0599, 0.0869, -0.2839, 0.0613, 0.14, -0.1054, 0.1677, 0.183, 0.2257, -0.0173, 0.2863, -0.0285, 0.0814, 0.0692, 0.107, 0.1601, 0.0706, 0.1713, -0.0967, -0.0833, 0.3717, -0.0615], [0.1774, 0.0779, -0.0863, 0.0341, -0.2233, 0.0261, 0.0252, -0.3166, 0.4235, 0.2085, 0.4011, -0.2121, -0.1256, 0.1915, 0.5146, 0.0357, 1.0, -0.0157, 0.2978, 0.229, -0.0995, 0.1601, 0.2705, 0.2135, 0.0345, -0.0327, -0.2386, -0.0044, 0.312, 0.0461, 0.2516, 0.1902, 0.0112, 0.0749, 0.3103, 0.0785, -0.2415, 0.0287, 0.2005, -0.0756, -0.1639, 0.0651, -0.1217, 0.1842, 0.0455, 0.3288, 0.1138, 0.1094, 0.0462, 0.2101, 0.0201, 0.1745, -0.2761, 0.2308, 0.0388, 0.3031, 0.087, 0.546, -0.1738, -0.4768, 0.3383, 0.0403], [0.0199, -0.4236, -0.0836, 0.3235, -0.2565, -0.0276, 0.2163, -0.1024, -0.0103, 0.0409, 0.2278, -0.0678, 0.0393, 0.1617, -0.0499, 0.3752, -0.0157, 1.0, -0.1767, 0.4715, 0.0909, -0.1867, -0.1197, -0.2654, 0.1312, 0.3236, -0.1294, 0.0723, -0.2003, 0.0235, -0.1389, 0.3493, -0.1313, 0.1494, -0.1441, -0.0189, -0.0405, 0.2114, -0.1036, -0.2026, -0.2534, 0.1392, -0.0833, -0.1747, 0.1343, -0.0567, -0.2613, -0.1378, 0.1246, 0.036, -0.0874, -0.1988, 0.0258, 0.0066, -0.0778, 0.0017, 0.1323, -0.0222, -0.1418, 0.0802, 0.0064, -0.0702], [-0.1291, -0.0488, 0.2376, -0.0052, -0.1275, 0.3195, 0.0926, -0.1503, 0.1596, 0.0805, 0.004, 0.0643, 0.0422, 0.0986, -0.006, 0.1334, 0.2978, -0.1767, 1.0, 0.0646, -0.2539, 0.3299, -0.042, 0.0048, -0.013, 0.1984, -0.1024, -0.0535, 0.1392, -0.0418, 0.3361, -0.156, 0.0637, -0.0822, 0.1446, 0.1238, -0.1118, -0.0312, 0.0306, 0.0747, 0.0746, -0.1377, 0.0699, 0.1084, -0.2153, -0.0891, 0.2745, 0.3954, 0.0308, -0.0307, 0.0312, 0.2244, -0.0531, -0.165, 0.2716, 0.1479, 0.1514, 0.1028, -0.3045, 0.0879, -0.0192, 0.2792], [-0.103, -0.1278, -0.2228, 0.1054, -0.2142, 0.3278, 0.1967, 0.1016, 0.0953, 0.3235, 0.388, -0.2786, 0.096, -0.0293, 0.1779, 0.4283, 0.229, 0.4715, 0.0646, 1.0, -0.0063, 0.1452, 0.3101, 0.0991, -0.0846, 0.3908, 0.1049, 0.0251, 0.4181, 0.2116, 0.2239, 0.1727, -0.2671, 0.274, -0.0736, -0.0177, -0.0773, 0.1091, 0.3318, -0.2479, -0.0062, 0.0697, 0.006, -0.0465, 0.079, 0.021, -0.068, 0.3295, 0.1768, 0.225, 0.0985, 0.2961, 0.182, 0.3423, 0.2644, -0.0406, 0.2634, 0.1264, 0.071, 0.0531, 0.2794, -0.161], [0.0892, -0.0524, -0.309, 0.3241, 0.0558, 0.2721, -0.162, 0.0768, 0.0404, -0.0232, -0.0106, -0.0296, -0.0911, -0.191, -0.0467, 0.3784, -0.0995, 0.0909, -0.2539, -0.0063, 1.0, 0.1676, 0.1684, -0.0524, -0.0817, 0.0671, 0.1361, 0.1082, 0.0364, 0.0215, -0.0346, -0.0149, -0.1429, 0.521, -0.0698, 0.6032, 0.0296, 0.0597, 0.3951, -0.244, 0.0159, -0.0163, -0.0266, 0.0957, -0.0295, 0.0159, -0.1083, -0.0079, 0.0171, 0.1089, 0.1505, -0.2523, 0.0847, -0.1467, 0.0631, 0.0656, -0.0295, 0.1014, -0.2247, -0.0832, 0.1774, -0.1575], [-0.04, -0.067, -0.114, -0.0771, 0.034, 0.1115, 0.1007, 0.0449, 0.2324, 0.3492, 0.0527, -0.0824, 0.0792, -0.0319, -0.0343, 0.094, 0.1601, -0.1867, 0.3299, 0.1452, 0.1676, 1.0, 0.1029, 0.2236, -0.334, 0.1798, 0.0216, 0.3712, 0.1597, -0.0087, 0.1455, -0.1449, -0.2328, 0.0299, 0.282, 0.2185, -0.1347, -0.0279, 0.3255, 0.0827, -0.2176, -0.3108, 0.2665, -0.1679, -0.0986, -0.0456, -0.0306, 0.1864, -0.2758, 0.211, 0.1633, 0.0401, 0.0145, 0.0864, 0.1502, -0.1116, -0.0748, -0.0189, -0.0663, -0.1328, 0.0783, -0.0635], [0.3111, -0.1254, -0.1477, 0.044, -0.0439, 0.4801, -0.2367, 0.2202, 0.3202, 0.1133, -0.007, -0.0781, -0.2276, -0.3165, 0.5305, 0.0341, 0.2705, -0.1197, -0.042, 0.3101, 0.1684, 0.1029, 1.0, -0.0687, -0.0467, -0.2864, -0.1196, 0.0857, 0.432, -0.0518, -0.034, -0.1461, -0.2755, 0.4784, 0.0088, -0.0259, 0.0434, -0.2116, 0.1229, -0.0672, 0.1544, 0.1782, -0.0397, 0.1642, -0.011, 0.2374, 0.0623, 0.0783, 0.0355, 0.062, -0.1645, 0.3555, -0.2137, 0.3811, 0.1481, 0.135, 0.1747, 0.4898, -0.0372, -0.3802, 0.0982, -0.0863], [0.0439, 0.2459, -0.2615, -0.126, -0.2875, -0.3282, 0.017, -0.1681, 0.1335, 0.4972, 0.257, -0.0333, 0.1415, 0.2846, -0.0926, 0.0559, 0.2135, -0.2654, 0.0048, 0.0991, -0.0524, 0.2236, -0.0687, 1.0, -0.1152, 0.2273, -0.0138, -0.1202, 0.104, 0.0972, 0.0771, -0.1713, -0.0478, 0.0495, 0.2117, 0.1215, -0.1415, 0.0817, 0.3381, -0.0263, -0.3097, 0.117, 0.0428, 0.1218, 0.2381, -0.1329, 0.0184, 0.2897, 0.3189, 0.0759, -0.0848, 0.3294, 0.2457, 0.2678, 0.2754, -0.1714, -0.079, 0.3231, 0.1588, -0.0296, 0.084, -0.1265], [0.22, -0.0601, -0.1191, 0.3115, 0.0136, -0.0797, 0.2606, 0.0392, 0.3061, -0.0013, -0.085, 0.1467, -0.0392, -0.0008, 0.0128, 0.0028, 0.0345, 0.1312, -0.013, -0.0846, -0.0817, -0.334, -0.0467, -0.1152, 1.0, -0.2294, 0.2085, 0.0736, 0.0534, -0.1412, -0.0488, -0.0473, 0.1664, 0.1096, -0.009, 0.2642, 0.0818, -0.1013, -0.1613, -0.2338, -0.1546, -0.0872, -0.3478, 0.0319, 0.4977, 0.2432, 0.0262, 0.0612, -0.1291, -0.0276, 0.0072, -0.3244, -0.0728, -0.0355, -0.537, 0.1364, 0.194, -0.1334, -0.3578, -0.0647, 0.2367, 0.041], [-0.2566, -0.0704, -0.1247, 0.2484, -0.2095, 0.1116, 0.0596, -0.0691, -0.0661, 0.4592, 0.4417, -0.1573, 0.1394, 0.2046, -0.2722, 0.2719, -0.0327, 0.3236, 0.1984, 0.3908, 0.0671, 0.1798, -0.2864, 0.2273, -0.2294, 1.0, -0.1799, -0.1196, -0.1468, 0.0131, -0.0517, -0.116, 0.082, 0.0415, 0.0771, 0.0379, -0.1774, 0.2021, 0.2342, -0.133, -0.2057, 0.0478, 0.2001, -0.1636, 0.0123, 0.0066, -0.1424, 0.0482, 0.4315, 0.0845, 0.0027, 0.1065, 0.426, -0.0266, 0.4944, 0.0903, 0.2172, 0.0246, 0.077, 0.406, 0.121, -0.246], [-0.1436, 0.21, -0.0798, -0.116, 0.0812, -0.1267, 0.119, 0.1524, -0.1582, 0.0215, 0.0312, -0.1623, 0.0916, -0.156, -0.3448, 0.3049, -0.2386, -0.1294, -0.1024, 0.1049, 0.1361, 0.0216, -0.1196, -0.0138, 0.2085, -0.1799, 1.0, -0.0747, 0.0481, 0.3357, 0.1789, -0.0816, -0.0104, -0.1184, -0.2005, 0.2498, 0.0234, -0.2026, 0.3446, 0.0467, 0.1257, -0.1015, -0.1843, 0.0467, 0.3002, -0.0595, 0.1023, 0.3363, -0.1106, 0.0347, 0.0988, -0.0467, 0.306, 0.1858, -0.3189, 0.0544, 0.1262, -0.1699, 0.1772, 0.1563, 0.3002, -0.0549], [0.094, -0.0128, 0.0184, -0.0968, 0.2115, 0.2055, 0.3466, 0.2281, 0.2737, 0.078, -0.2031, 0.293, 0.0082, -0.2295, -0.0178, -0.0864, -0.0044, 0.0723, -0.0535, 0.0251, 0.1082, 0.3712, 0.0857, -0.1202, 0.0736, -0.1196, -0.0747, 1.0, 0.0928, -0.093, 0.3501, -0.1538, -0.2319, 0.1268, 0.4242, 0.0778, 0.0311, 0.0993, 0.048, 0.1726, -0.3477, -0.0107, 0.199, -0.2882, -0.1309, 0.1454, -0.2849, 0.0251, -0.4903, -0.029, 0.0278, -0.3108, -0.0036, -0.1242, -0.0034, 0.0109, 0.2848, -0.1289, -0.2617, -0.2118, -0.2372, 0.1735], [0.075, -0.1504, -0.3511, 0.1395, 0.3839, 0.3878, 0.129, 0.322, 0.0059, -0.0481, -0.0885, -0.1629, -0.1959, 0.0647, 0.4649, -0.1002, 0.312, -0.2003, 0.1392, 0.4181, 0.0364, 0.1597, 0.432, 0.104, 0.0534, -0.1468, 0.0481, 0.0928, 1.0, -0.034, 0.2988, 0.1112, -0.5385, 0.212, 0.0372, -0.0377, 0.1854, 0.0242, 0.1943, -0.0446, 0.2469, -0.1166, 0.2047, -0.1423, 0.047, 0.0992, -0.0449, 0.4241, -0.0307, 0.113, 0.0708, 0.3048, -0.2173, 0.0892, 0.0849, -0.2227, 0.1251, 0.0708, -0.0744, -0.1887, 0.051, -0.1174], [-0.0911, 0.4531, 0.3299, -0.2312, -0.2586, -0.0302, -0.1581, -0.2712, 0.0274, 0.0005, -0.021, -0.086, 0.2168, -0.1256, 0.085, 0.0504, 0.0461, 0.0235, -0.0418, 0.2116, 0.0215, -0.0087, -0.0518, 0.0972, -0.1412, 0.0131, 0.3357, -0.093, -0.034, 1.0, 0.241, 0.1792, 0.0802, 0.154, -0.0506, 0.2033, 0.1579, -0.0467, -0.0462, -0.0985, 0.2172, 0.0018, 0.2561, 0.2309, -0.0505, -0.2411, -0.1025, 0.1545, 0.0115, 0.3978, -0.0056, 0.0065, 0.0134, 0.2077, 0.1679, 0.0188, 0.2766, -0.0135, 0.4357, 0.2216, 0.2461, 0.0668], [-0.042, 0.1671, -0.0248, -0.2867, 0.0642, 0.3747, 0.1671, 0.1291, 0.0216, -0.0051, 0.1317, 0.0511, 0.3316, -0.1073, -0.032, 0.0031, 0.2516, -0.1389, 0.3361, 0.2239, -0.0346, 0.1455, -0.034, 0.0771, -0.0488, -0.0517, 0.1789, 0.3501, 0.2988, 0.241, 1.0, 0.148, 0.0189, 0.0799, 0.0778, 0.1733, -0.0477, 0.119, 0.0738, -0.0388, -0.0228, 0.0132, -0.1539, -0.0726, -0.202, -0.0243, 0.2355, 0.3895, -0.2069, -0.0272, -0.0732, -0.0465, 0.3582, -0.0657, 0.3025, 0.0125, 0.2117, 0.0822, 0.0001, 0.1316, -0.1429, 0.2073], [-0.0513, -0.0695, -0.1543, 0.0175, 0.1637, -0.0275, -0.1173, 0.0244, -0.2187, -0.2104, 0.0401, -0.0959, 0.3868, -0.0202, 0.0094, -0.1414, 0.1902, 0.3493, -0.156, 0.1727, -0.0149, -0.1449, -0.1461, -0.1713, -0.0473, -0.116, -0.0816, -0.1538, 0.1112, 0.1792, 0.148, 1.0, -0.0012, -0.0561, -0.5041, -0.1138, 0.0904, 0.1703, -0.1822, -0.0331, 0.1505, -0.2582, -0.0419, -0.042, -0.1677, -0.1394, -0.2909, 0.0633, -0.088, -0.0508, 0.0774, -0.0602, -0.0817, 0.0058, -0.1408, -0.1366, -0.1979, -0.1913, 0.1406, 0.1697, -0.0056, 0.0181], [-0.1618, 0.4043, 0.0276, -0.0104, -0.3026, -0.2344, -0.2843, -0.1832, -0.0628, 0.0507, 0.1197, 0.1317, 0.1202, -0.261, -0.0813, -0.0605, 0.0112, -0.1313, 0.0637, -0.2671, -0.1429, -0.2328, -0.2755, -0.0478, 0.1664, 0.082, -0.0104, -0.2319, -0.5385, 0.0802, 0.0189, -0.0012, 1.0, -0.1554, 0.1056, 0.0732, -0.1535, -0.1053, -0.0903, -0.2115, -0.0333, -0.0582, -0.3589, 0.1011, -0.0745, 0.101, 0.1274, -0.3498, 0.0293, -0.2994, 0.0557, -0.2501, 0.1935, -0.0674, 0.0495, 0.2409, -0.1256, 0.0003, 0.1923, 0.1045, 0.0588, 0.1738], [0.3278, -0.1687, -0.2524, 0.1672, -0.0109, 0.2158, -0.3268, 0.0937, 0.0801, 0.019, 0.0001, 0.1436, 0.0202, -0.3901, 0.1247, 0.2377, 0.0749, 0.1494, -0.0822, 0.274, 0.521, 0.0299, 0.4784, 0.0495, 0.1096, 0.0415, -0.1184, 0.1268, 0.212, 0.154, 0.0799, -0.0561, -0.1554, 1.0, 0.1437, 0.2729, -0.1191, 0.0704, 0.1002, -0.512, 0.0125, 0.2422, -0.0116, 0.1123, -0.012, -0.0438, -0.1073, 0.2433, 0.0015, 0.2061, -0.1003, 0.078, -0.0759, 0.0988, 0.2079, -0.0061, 0.0495, 0.2422, -0.3824, -0.034, 0.0448, -0.3224], [0.0753, -0.1028, -0.1102, -0.0016, 0.0482, -0.2005, 0.0219, -0.0308, 0.17, 0.216, 0.1696, 0.0869, -0.2208, -0.0695, 0.1823, 0.0296, 0.3103, -0.1441, 0.1446, -0.0736, -0.0698, 0.282, 0.0088, 0.2117, -0.009, 0.0771, -0.2005, 0.4242, 0.0372, -0.0506, 0.0778, -0.5041, 0.1056, 0.1437, 1.0, 0.087, -0.304, 0.1574, 0.0901, 0.0976, -0.4435, 0.3242, 0.0467, -0.2289, 0.1109, 0.0191, 0.0772, 0.0531, -0.1732, -0.0168, -0.0419, -0.2744, -0.1391, -0.1241, 0.1615, -0.0001, 0.0253, 0.2145, -0.2318, -0.3946, -0.1498, 0.0994], [0.2231, 0.1053, -0.1501, 0.2447, -0.2098, 0.1746, 0.0643, -0.2264, 0.2088, 0.3452, 0.1282, 0.0952, 0.0735, -0.0932, -0.0636, 0.4534, 0.0785, -0.0189, 0.1238, -0.0177, 0.6032, 0.2185, -0.0259, 0.1215, 0.2642, 0.0379, 0.2498, 0.0778, -0.0377, 0.2033, 0.1733, -0.1138, 0.0732, 0.2729, 0.087, 1.0, 0.0191, 0.2096, 0.3369, -0.1721, -0.1249, -0.0965, -0.2749, 0.2234, -0.0222, -0.0011, 0.1757, 0.1573, -0.0325, 0.2023, 0.1758, -0.4275, 0.2022, 0.0822, 0.0186, 0.0638, -0.0866, 0.1642, -0.1068, 0.0421, 0.4214, 0.2174], [-0.0044, 0.0696, 0.277, 0.2009, 0.0567, 0.1132, 0.1169, -0.0037, 0.0894, -0.298, -0.5509, -0.0987, -0.2195, 0.0107, 0.1981, -0.1904, -0.2415, -0.0405, -0.1118, -0.0773, 0.0296, -0.1347, 0.0434, -0.1415, 0.0818, -0.1774, 0.0234, 0.0311, 0.1854, 0.1579, -0.0477, 0.0904, -0.1535, -0.1191, -0.304, 0.0191, 1.0, -0.2168, -0.1748, 0.1155, 0.0316, -0.0827, 0.3272, -0.1541, 0.0291, 0.018, 0.1002, -0.1275, -0.0687, -0.01, 0.2024, 0.1164, -0.2545, -0.0109, -0.1383, -0.3683, 0.0914, -0.1029, 0.1453, 0.0453, -0.0983, 0.1377], [-0.2355, -0.2297, -0.2879, 0.2338, 0.1079, 0.0618, 0.0391, -0.0028, -0.2992, 0.3296, 0.459, -0.0113, -0.1541, -0.0314, 0.0828, 0.055, 0.0287, 0.2114, -0.0312, 0.1091, 0.0597, -0.0279, -0.2116, 0.0817, -0.1013, 0.2021, -0.2026, 0.0993, 0.0242, -0.0467, 0.119, 0.1703, -0.1053, 0.0704, 0.1574, 0.2096, -0.2168, 1.0, -0.1532, 0.2325, -0.0964, -0.041, -0.2217, 0.2022, -0.1662, -0.0547, -0.0547, 0.2543, 0.1102, -0.0196, -0.0514, -0.2807, 0.1155, 0.1096, 0.3638, -0.0503, -0.1094, -0.0176, 0.1013, 0.0826, -0.0362, 0.1063], [0.1544, 0.2321, -0.2347, 0.0706, -0.1952, 0.0446, 0.2003, -0.0497, 0.0233, 0.3977, 0.2181, 0.1, 0.0284, 0.0508, -0.1021, 0.48, 0.2005, -0.1036, 0.0306, 0.3318, 0.3951, 0.3255, 0.1229, 0.3381, -0.1613, 0.2342, 0.3446, 0.048, 0.1943, -0.0462, 0.0738, -0.1822, -0.0903, 0.1002, 0.0901, 0.3369, -0.1748, -0.1532, 1.0, -0.2062, -0.0944, 0.1473, -0.11, 0.0752, -0.0972, 0.2486, 0.0382, 0.2435, 0.1988, 0.0292, 0.0801, 0.1546, 0.3403, 0.3206, 0.148, -0.0238, -0.1334, 0.322, -0.1262, -0.1678, 0.3441, -0.1594], [-0.3648, -0.1746, 0.2076, -0.1982, 0.3569, 0.046, -0.0185, 0.1002, -0.0463, -0.0594, -0.0432, -0.3651, 0.0173, -0.1047, -0.1691, -0.2993, -0.0756, -0.2026, 0.0747, -0.2479, -0.244, 0.0827, -0.0672, -0.0263, -0.2338, -0.133, 0.0467, 0.1726, -0.0446, -0.0985, -0.0388, -0.0331, -0.2115, -0.512, 0.0976, -0.1721, 0.1155, 0.2325, -0.2062, 1.0, -0.2055, -0.069, 0.2628, -0.0784, -0.0903, 0.0236, -0.0557, 0.1743, 0.0166, -0.1538, -0.0237, -0.1036, 0.0842, 0.007, -0.0494, 0.0059, 0.0793, -0.0954, 0.1119, 0.0362, -0.2142, 0.2612], [0.0099, 0.3021, 0.0263, 0.0806, 0.1354, 0.3124, -0.1026, 0.1211, -0.1895, -0.3077, -0.2849, 0.2198, -0.1156, 0.0993, 0.2076, -0.0599, -0.1639, -0.2534, 0.0746, -0.0062, 0.0159, -0.2176, 0.1544, -0.3097, -0.1546, -0.2057, 0.1257, -0.3477, 0.2469, 0.2172, -0.0228, 0.1505, -0.0333, 0.0125, -0.4435, -0.1249, 0.0316, -0.0964, -0.0944, -0.2055, 1.0, -0.233, 0.1003, 0.3232, -0.3227, -0.2135, -0.1695, 0.0959, 0.059, -0.1054, 0.0828, 0.3616, -0.1998, -0.1377, 0.0504, 0.2188, 0.0874, -0.1748, 0.2881, 0.0836, 0.0149, 0.1025], [0.3284, -0.2751, 0.0542, 0.0028, -0.0051, -0.1768, -0.1894, -0.1364, -0.0186, -0.0119, 0.1173, 0.1304, 0.0118, -0.0208, 0.0147, 0.0869, 0.0651, 0.1392, -0.1377, 0.0697, -0.0163, -0.3108, 0.1782, 0.117, -0.0872, 0.0478, -0.1015, -0.0107, -0.1166, 0.0018, 0.0132, -0.2582, -0.0582, 0.2422, 0.3242, -0.0965, -0.0827, -0.041, 0.1473, -0.069, -0.233, 1.0, -0.2582, -0.0214, 0.097, -0.0901, 0.3134, 0.1017, 0.0639, -0.1499, -0.6212, 0.0765, 0.1697, 0.0785, 0.1251, 0.0154, 0.0496, 0.4179, -0.1804, -0.2609, -0.4335, 0.0921], [-0.1455, 0.102, 0.3587, -0.1436, 0.2088, 0.0729, -0.0474, -0.0264, 0.015, -0.2771, -0.5085, -0.1652, 0.0111, 0.0583, -0.0612, -0.2839, -0.1217, -0.0833, 0.0699, 0.006, -0.0266, 0.2665, -0.0397, 0.0428, -0.3478, 0.2001, -0.1843, 0.199, 0.2047, 0.2561, -0.1539, -0.0419, -0.3589, -0.0116, 0.0467, -0.2749, 0.3272, -0.2217, -0.11, 0.2628, 0.1003, -0.2582, 1.0, -0.257, -0.2356, -0.1397, -0.5592, -0.0316, -0.0319, 0.2607, 0.2699, 0.258, -0.2342, -0.1443, 0.0459, -0.0966, 0.21, -0.3155, 0.0353, 0.1645, -0.074, -0.236], [0.1021, 0.4253, 0.222, -0.1138, -0.4252, 0.0684, -0.1564, -0.4971, 0.077, 0.1891, 0.1433, 0.1551, -0.1914, 0.0017, 0.2336, 0.0613, 0.1842, -0.1747, 0.1084, -0.0465, 0.0957, -0.1679, 0.1642, 0.1218, 0.0319, -0.1636, 0.0467, -0.2882, -0.1423, 0.2309, -0.0726, -0.042, 0.1011, 0.1123, -0.2289, 0.2234, -0.1541, 0.2022, 0.0752, -0.0784, 0.3232, -0.0214, -0.257, 1.0, -0.0974, 0.0607, 0.0866, 0.1587, 0.2835, 0.3455, -0.0459, 0.1832, -0.0745, 0.2129, 0.076, 0.3177, 0.0419, 0.2317, 0.1214, -0.0662, 0.3707, 0.0163], [-0.0751, -0.2056, -0.3073, 0.248, -0.0545, -0.2614, 0.2046, 0.191, 0.3421, 0.1571, 0.2933, -0.3173, -0.1882, 0.2492, 0.0404, 0.14, 0.0455, 0.1343, -0.2153, 0.079, -0.0295, -0.0986, -0.011, 0.2381, 0.4977, 0.0123, 0.3002, -0.1309, 0.047, -0.0505, -0.202, -0.1677, -0.0745, -0.012, 0.1109, -0.0222, 0.0291, -0.1662, -0.0972, -0.0903, -0.3227, 0.097, -0.2356, -0.0974, 1.0, -0.0597, 0.1972, 0.0877, 0.0368, 0.0575, -0.0176, -0.0464, -0.1184, -0.1229, -0.3206, 0.0038, 0.3276, 0.0624, -0.028, -0.1805, 0.1722, -0.1361], [-0.0826, 0.1775, 0.0167, 0.0753, -0.1034, 0.178, 0.1009, -0.0361, 0.2385, 0.1547, 0.1272, -0.1398, -0.2853, -0.1188, 0.3468, -0.1054, 0.3288, -0.0567, -0.0891, 0.021, 0.0159, -0.0456, 0.2374, -0.1329, 0.2432, 0.0066, -0.0595, 0.1454, 0.0992, -0.2411, -0.0243, -0.1394, 0.101, -0.0438, 0.0191, -0.0011, 0.018, -0.0547, 0.2486, 0.0236, -0.2135, -0.0901, -0.1397, 0.0607, -0.0597, 1.0, 0.1118, -0.316, 0.2606, 0.1243, -0.0936, -0.0822, 0.0324, 0.4096, -0.0321, 0.2149, 0.1482, 0.2366, -0.1847, -0.2419, 0.3443, -0.1357], [-0.0602, -0.1194, 0.1292, -0.0669, -0.1837, 0.057, 0.0334, -0.0614, 0.1266, 0.0461, 0.2581, -0.1548, -0.1262, -0.0058, 0.1728, 0.1677, 0.1138, -0.2613, 0.2745, -0.068, -0.1083, -0.0306, 0.0623, 0.0184, 0.0262, -0.1424, 0.1023, -0.2849, -0.0449, -0.1025, 0.2355, -0.2909, 0.1274, -0.1073, 0.0772, 0.1757, 0.1002, -0.0547, 0.0382, -0.0557, -0.1695, 0.3134, -0.5592, 0.0866, 0.1972, 0.1118, 1.0, 0.0353, 0.0298, 0.0141, -0.1569, -0.013, 0.044, 0.0674, 0.1367, -0.1755, -0.1341, 0.3508, -0.0795, -0.1293, -0.0046, 0.2752], [0.0009, -0.1666, -0.2021, 0.0763, 0.2469, 0.217, 0.1308, 0.2156, -0.009, 0.1494, 0.1701, 0.0015, 0.2604, -0.0209, -0.2067, 0.183, 0.1094, -0.1378, 0.3954, 0.3295, -0.0079, 0.1864, 0.0783, 0.2897, 0.0612, 0.0482, 0.3363, 0.0251, 0.4241, 0.1545, 0.3895, 0.0633, -0.3498, 0.2433, 0.0531, 0.1573, -0.1275, 0.2543, 0.2435, 0.1743, 0.0959, 0.1017, -0.0316, 0.1587, 0.0877, -0.316, 0.0353, 1.0, 0.0392, -0.077, -0.0648, 0.2292, 0.2314, 0.0478, 0.1458, -0.0828, 0.1293, 0.0611, -0.2094, 0.1167, -0.0417, 0.0272], [-0.111, 0.1497, -0.1477, 0.1276, -0.4428, 0.0931, -0.0194, -0.1579, -0.065, 0.3098, 0.3095, -0.1011, -0.075, 0.3358, 0.0747, 0.2257, 0.0462, 0.1246, 0.0308, 0.1768, 0.0171, -0.2758, 0.0355, 0.3189, -0.1291, 0.4315, -0.1106, -0.4903, -0.0307, 0.0115, -0.2069, -0.088, 0.0293, 0.0015, -0.1732, -0.0325, -0.0687, 0.1102, 0.1988, 0.0166, 0.059, 0.0639, -0.0319, 0.2835, 0.0368, 0.2606, 0.0298, 0.0392, 1.0, 0.0196, -0.1701, 0.2898, 0.2237, 0.1562, 0.3928, -0.04, 0.0671, 0.4246, 0.1666, 0.2672, 0.1938, -0.1314], [0.1158, 0.1589, 0.3525, -0.3866, -0.2311, -0.0299, -0.0747, -0.5129, 0.0996, 0.1052, 0.0729, -0.2825, 0.0079, -0.0296, 0.1616, -0.0173, 0.2101, 0.036, -0.0307, 0.225, 0.1089, 0.211, 0.062, 0.0759, -0.0276, 0.0845, 0.0347, -0.029, 0.113, 0.3978, -0.0272, -0.0508, -0.2994, 0.2061, -0.0168, 0.2023, -0.01, -0.0196, 0.0292, -0.1538, -0.1054, -0.1499, 0.2607, 0.3455, 0.0575, 0.1243, 0.0141, -0.077, 0.0196, 1.0, 0.1731, -0.0002, -0.1493, 0.2214, -0.0775, -0.0776, 0.0213, -0.0254, 0.0332, 0.1636, 0.5498, -0.3595], [-0.1855, 0.2785, 0.0204, 0.0111, -0.0541, 0.0641, 0.2118, 0.0776, 0.0935, -0.0609, -0.0917, -0.1838, -0.1004, -0.0266, -0.0543, 0.2863, 0.0201, -0.0874, 0.0312, 0.0985, 0.1505, 0.1633, -0.1645, -0.0848, 0.0072, 0.0027, 0.0988, 0.0278, 0.0708, -0.0056, -0.0732, 0.0774, 0.0557, -0.1003, -0.0419, 0.1758, 0.2024, -0.0514, 0.0801, -0.0237, 0.0828, -0.6212, 0.2699, -0.0459, -0.0176, -0.0936, -0.1569, -0.0648, -0.1701, 0.1731, 1.0, -0.0529, -0.2687, -0.1893, -0.2165, -0.0224, -0.1295, -0.3347, 0.041, 0.0527, 0.5122, -0.1529], [0.0522, 0.1508, 0.0391, -0.0648, -0.1735, 0.0467, -0.0637, -0.0667, 0.0651, 0.0441, -0.0712, -0.0888, -0.124, 0.2181, 0.1405, -0.0285, 0.1745, -0.1988, 0.2244, 0.2961, -0.2523, 0.0401, 0.3555, 0.3294, -0.3244, 0.1065, -0.0467, -0.3108, 0.3048, 0.0065, -0.0465, -0.0602, -0.2501, 0.078, -0.2744, -0.4275, 0.1164, -0.2807, 0.1546, -0.1036, 0.3616, 0.0765, 0.258, 0.1832, -0.0464, -0.0822, -0.013, 0.2292, 0.2898, -0.0002, -0.0529, 1.0, -0.1327, 0.2545, 0.2188, 0.0421, 0.1353, 0.3356, 0.1218, 0.0041, -0.0191, -0.136], [-0.0599, 0.0344, -0.1236, -0.1277, -0.0217, 0.1242, 0.0438, 0.0545, -0.2082, 0.2896, 0.333, -0.0571, 0.5787, -0.1045, -0.6043, 0.0814, -0.2761, 0.0258, -0.0531, 0.182, 0.0847, 0.0145, -0.2137, 0.2457, -0.0728, 0.426, 0.306, -0.0036, -0.2173, 0.0134, 0.3582, -0.0817, 0.1935, -0.0759, -0.1391, 0.2022, -0.2545, 0.1155, 0.3403, 0.0842, -0.1998, 0.1697, -0.2342, -0.0745, -0.1184, 0.0324, 0.044, 0.2314, 0.2237, -0.1493, -0.2687, -0.1327, 1.0, 0.1825, 0.2439, 0.0199, -0.0258, 0.0158, 0.1394, 0.4923, -0.0446, -0.0611], [0.1165, 0.1226, 0.0161, -0.0931, -0.2934, -0.1056, -0.1005, -0.1918, -0.0162, 0.4507, 0.272, -0.1732, -0.0406, -0.2134, 0.1846, 0.0692, 0.2308, 0.0066, -0.165, 0.3423, -0.1467, 0.0864, 0.3811, 0.2678, -0.0355, -0.0266, 0.1858, -0.1242, 0.0892, 0.2077, -0.0657, 0.0058, -0.0674, 0.0988, -0.1241, 0.0822, -0.0109, 0.1096, 0.3206, 0.007, -0.1377, 0.0785, -0.1443, 0.2129, -0.1229, 0.4096, 0.0674, 0.0478, 0.1562, 0.2214, -0.1893, 0.2545, 0.1825, 1.0, 0.0949, 0.0066, -0.1385, 0.3462, 0.251, -0.0921, 0.4141, -0.2178], [-0.2724, 0.1092, -0.0752, 0.0264, -0.2687, 0.4304, -0.0703, 0.1079, -0.1046, 0.404, 0.3807, 0.0908, -0.0185, -0.0513, 0.171, 0.107, 0.0388, -0.0778, 0.2716, 0.2644, 0.0631, 0.1502, 0.1481, 0.2754, -0.537, 0.4944, -0.3189, -0.0034, 0.0849, 0.1679, 0.3025, -0.1408, 0.0495, 0.2079, 0.1615, 0.0186, -0.1383, 0.3638, 0.148, -0.0494, 0.0504, 0.1251, 0.0459, 0.076, -0.3206, -0.0321, 0.1367, 0.1458, 0.3928, -0.0775, -0.2165, 0.2188, 0.2439, 0.0949, 1.0, -0.1018, 0.1595, 0.3925, 0.2479, 0.2138, -0.1184, 0.1212], [-0.0863, 0.2234, 0.0521, 0.0923, -0.0807, 0.1882, -0.1554, -0.0508, 0.313, 0.082, 0.1818, -0.0516, -0.1561, -0.0206, 0.038, 0.1601, 0.3031, 0.0017, 0.1479, -0.0406, 0.0656, -0.1116, 0.135, -0.1714, 0.1364, 0.0903, 0.0544, 0.0109, -0.2227, 0.0188, 0.0125, -0.1366, 0.2409, -0.0061, -0.0001, 0.0638, -0.3683, -0.0503, -0.0238, 0.0059, 0.2188, 0.0154, -0.0966, 0.3177, 0.0038, 0.2149, -0.1755, -0.0828, -0.04, -0.0776, -0.0224, 0.0421, 0.0199, 0.0066, -0.1018, 1.0, 0.5348, 0.0233, -0.0148, -0.291, 0.2266, -0.0053], [-0.3215, 0.148, 0.1163, 0.1503, -0.0544, 0.4352, 0.2017, 0.2232, 0.4811, 0.0783, 0.0526, -0.1291, -0.1742, 0.0618, 0.1687, 0.0706, 0.087, 0.1323, 0.1514, 0.2634, -0.0295, -0.0748, 0.1747, -0.079, 0.194, 0.2172, 0.1262, 0.2848, 0.1251, 0.2766, 0.2117, -0.1979, -0.1256, 0.0495, 0.0253, -0.0866, 0.0914, -0.1094, -0.1334, 0.0793, 0.0874, 0.0496, 0.21, 0.0419, 0.3276, 0.1482, -0.1341, 0.1293, 0.0671, 0.0213, -0.1295, 0.1353, -0.0258, -0.1385, 0.1595, 0.5348, 1.0, -0.0002, 0.0353, -0.0878, 0.0368, 0.1385], [0.3431, 0.0069, -0.1224, 0.1437, -0.4946, 0.1006, 0.0152, -0.2638, 0.3287, 0.3657, 0.4238, -0.0317, -0.1792, 0.1607, 0.3803, 0.1713, 0.546, -0.0222, 0.1028, 0.1264, 0.1014, -0.0189, 0.4898, 0.3231, -0.1334, 0.0246, -0.1699, -0.1289, 0.0708, -0.0135, 0.0822, -0.1913, 0.0003, 0.2422, 0.2145, 0.1642, -0.1029, -0.0176, 0.322, -0.0954, -0.1748, 0.4179, -0.3155, 0.2317, 0.0624, 0.2366, 0.3508, 0.0611, 0.4246, -0.0254, -0.3347, 0.3356, 0.0158, 0.3462, 0.3925, 0.0233, -0.0002, 1.0, -0.0467, -0.2434, 0.1287, 0.1921], [-0.1679, 0.4395, -0.061, -0.2244, -0.2013, -0.0812, -0.1438, -0.0017, -0.2768, 0.3097, 0.1721, -0.097, -0.0117, 0.0707, 0.1247, -0.0967, -0.1738, -0.1418, -0.3045, 0.071, -0.2247, -0.0663, -0.0372, 0.1588, -0.3578, 0.077, 0.1772, -0.2617, -0.0744, 0.4357, 0.0001, 0.1406, 0.1923, -0.3824, -0.2318, -0.1068, 0.1453, 0.1013, -0.1262, 0.1119, 0.2881, -0.1804, 0.0353, 0.1214, -0.028, -0.1847, -0.0795, -0.2094, 0.1666, 0.0332, 0.041, 0.1218, 0.1394, 0.251, 0.2479, -0.0148, 0.0353, -0.0467, 1.0, 0.2306, 0.1306, 0.0219], [-0.1402, 0.067, 0.1406, -0.2433, -0.0163, 0.0806, -0.0633, -0.0514, -0.418, 0.0322, 0.0123, -0.0412, 0.5617, -0.1164, -0.5832, -0.0833, -0.4768, 0.0802, 0.0879, 0.0531, -0.0832, -0.1328, -0.3802, -0.0296, -0.0647, 0.406, 0.1563, -0.2118, -0.1887, 0.2216, 0.1316, 0.1697, 0.1045, -0.034, -0.3946, 0.0421, 0.0453, 0.0826, -0.1678, 0.0362, 0.0836, -0.2609, 0.1645, -0.0662, -0.1805, -0.2419, -0.1293, 0.1167, 0.2672, 0.1636, 0.0527, 0.0041, 0.4923, -0.0921, 0.2138, -0.291, -0.0878, -0.2434, 0.2306, 1.0, 0.0479, -0.0746], [0.0001, 0.3822, 0.0292, 0.0317, -0.4408, 0.069, 0.1605, -0.245, 0.2518, 0.3915, 0.3751, -0.2745, -0.1019, 0.0274, 0.1389, 0.3717, 0.3383, 0.0064, -0.0192, 0.2794, 0.1774, 0.0783, 0.0982, 0.084, 0.2367, 0.121, 0.3002, -0.2372, 0.051, 0.2461, -0.1429, -0.0056, 0.0588, 0.0448, -0.1498, 0.4214, -0.0983, -0.0362, 0.3441, -0.2142, 0.0149, -0.4335, -0.074, 0.3707, 0.1722, 0.3443, -0.0046, -0.0417, 0.1938, 0.5498, 0.5122, -0.0191, -0.0446, 0.4141, -0.1184, 0.2266, 0.0368, 0.1287, 0.1306, 0.0479, 1.0, -0.2805], [-0.1014, 0.0488, 0.1598, 0.1299, -0.0697, 0.158, 0.2565, -0.09, 0.3058, -0.0236, -0.0823, 0.1894, 0.0382, 0.0574, 0.1443, -0.0615, 0.0403, -0.0702, 0.2792, -0.161, -0.1575, -0.0635, -0.0863, -0.1265, 0.041, -0.246, -0.0549, 0.1735, -0.1174, 0.0668, 0.2073, 0.0181, 0.1738, -0.3224, 0.0994, 0.2174, 0.1377, 0.1063, -0.1594, 0.2612, 0.1025, 0.0921, -0.236, 0.0163, -0.1361, -0.1357, 0.2752, 0.0272, -0.1314, -0.3595, -0.1529, -0.136, -0.0611, -0.2178, 0.1212, -0.0053, 0.1385, 0.1921, 0.0219, -0.0746, -0.2805, 1.0]], "sector_ids": ["Intelligence & Inference", "Compute & Infrastructure", "Data & Knowledge", "Finance & DeFi", "Agents & Applications", "Culture & Gaming", "Security & Verification", "All Subnet Index", "TAO/USD"], "sector_corr": [[1.0, 0.169, -0.0414, -0.0477, -0.0021, 0.1782, 0.1472, 0.3309, 0.0009], [0.169, 1.0, -0.2423, -0.1337, 0.2626, -0.0695, -0.1137, 0.5466, 0.0634], [-0.0414, -0.2423, 1.0, -0.0364, 0.0279, 0.0143, 0.085, 0.1867, -0.1363], [-0.0477, -0.1337, -0.0364, 1.0, 0.1333, 0.5759, 0.3689, 0.5018, 0.0633], [-0.0021, 0.2626, 0.0279, 0.1333, 1.0, 0.3889, 0.1349, 0.6193, -0.0054], [0.1782, -0.0695, 0.0143, 0.5759, 0.3889, 1.0, 0.4289, 0.5791, 0.0611], [0.1472, -0.1137, 0.085, 0.3689, 0.1349, 0.4289, 1.0, 0.3544, -0.0468], [0.3309, 0.5466, 0.1867, 0.5018, 0.6193, 0.5791, 0.3544, 1.0, 0.0323], [0.0009, 0.0634, -0.1363, 0.0633, -0.0054, 0.0611, -0.0468, 0.0323, 1.0]]}